SIZE : 31

0 : 0 0 0 1
9 : 0 0 1 1
37 : 1 1 1 1
43 : 0 0 0 0
44 : 0 0 0 1
57 : 0 0 1 0
58 : 0 0 0 0
72 : 0 0 1 1
73 : 0 0 0 1
100 : 1 1 1 0
104 : 0 0 1 0
105 : 0 0 1 1
118 : 1 1 0 1
119 : 1 1 1 1
121 : 0 0 1 1
134 : 0 0 0 1
135 : 0 0 1 0
136 : 0 0 0 1
149 : 0 0 1 0
150 : 0 0 1 1
161 : 1 1 1 1
168 : 0 0 1 1
169 : 1 1 1 1
182 : 0 0 1 1
192 : 1 1 1 1
195 : 1 1 1 0
196 : 1 1 0 1
203 : 0 0 1 0
204 : 0 0 0 1
209 : 0 0 1 1
212 : 0 0 0 0
 



// SIZE : 총 길이

// 사용방법 [      시간 : 코러스 코러스2 가수 백댄서       ]

// 인자 : (  [0] : IDLE [1] : PLAY, [2] : IDLE2  )   [!] IDLE2는 백댄서 전용

// 적용이 안될때는 사이즈 확인하기