SIZE : 49

2 : 0 0 0 1
7 : 0 0 0 0
8 : 0 0 0 1
10 : 0 0 0 0
11 : 0 0 0 1
14 : 0 0 0 0
18 : 0 0 1 0
21 : 0 0 1 1
23 : 0 0 0 1
25 : 0 0 1 1
29 : 0 0 0 1
30 : 0 0 0 0
31 : 0 0 0 1
33 : 0 0 1 1
37 : 0 0 0 1
39 : 0 0 1 1
44 : 0 0 1 1
45 : 1 1 0 1
47 : 1 1 1 0
48 : 0 0 1 1
50 : 1 1 1 1
73 : 0 0 0 1
75 : 0 0 1 1
78 : 0 0 0 0
79 : 0 0 0 1
80 : 0 0 0 0
83 : 0 0 1 0
86 : 0 0 0 1
87 : 0 0 0 0
88 : 0 0 0 1
92 : 0 0 1 1
93 : 0 0 0 1
96 : 0 0 1 1
99 : 0 0 0 1
100 : 0 0 0 0
101 : 0 0 0 1
113 : 0 0 0 0
114 : 0 0 0 1
124 : 1 1 1 1
126 : 1 1 1 0
127 : 1 1 1 1
131 : 1 1 1 0
132 : 1 1 1 1
137 : 0 0 1 1
141 : 1 1 1 1
144 : 0 0 0 1
145 : 0 0 0 0
146 : 0 0 0 1
170 : 0 0 0 0


// SIZE : 총 길이

// 사용방법 [      시간 : 코러스 코러스2 가수 백댄서       ]

// 인자 : (  [0] : IDLE [1] : PLAY, [2] : IDLE2  )   [!] IDLE2는 백댄서 전용

// 적용이 안될때는 사이즈 확인하기