SIZE : 43

0 : 0 0 1 1
10 : 0 0 0 0
11 : 1 1 0 1
20 : 1 1 1 1
21 : 1 1 0 1
29 : 1 1 1 1
30 : 1 1 0 1
38 : 1 1 1 1
39 : 1 1 0 1
50 : 1 1 1 1
51 : 1 1 0 1
59 : 1 1 1 1
60 : 1 1 0 1
69 : 1 1 1 1
70 : 1 1 0 1
79 : 1 1 1 1
80 : 1 1 0 1
89 : 1 1 1 1
90 : 1 1 0 1
97 : 1 1 0 0
98 : 1 1 1 1
108 : 0 0 1 1
109 : 1 1 0 1
118 : 1 1 1 1
119 : 1 1 0 1
128 : 1 1 1 1
129 : 1 1 0 1
137 : 1 1 1 1
138 : 1 1 0 1
147 : 1 1 1 1
148 : 1 1 0 1
156 : 1 1 1 1
157 : 1 1 0 1
167 : 1 1 1 1
168 : 1 1 0 1
176 : 1 1 1 1
177 : 1 1 0 1
187 : 1 1 1 1
188 : 1 1 0 1
205 : 1 1 2 1
206 : 0 0 2 0
207 : 0 0 2 1
212 : 0 0 2 0




// SIZE : 총 길이

// 사용방법 [      시간 : 코러스 코러스2 가수 백댄서       ]

// 인자 : (  [0] : IDLE [1] : PLAY, [2] : IDLE2  )   [!] IDLE2는 백댄서 전용

// 적용이 안될때는 사이즈 확인하기