SIZE : 56

1 : 0 0 2 2
12 : 1 1 0 2
13 : 1 1 0 2
26 : 1 1 0 2
28 : 0 0 0 2
29 : 0 0 2 2
39 : 0 0 0 2
40 : 0 0 2 2
41 : 1 1 0 2
42 : 0 0 0 2
43 : 0 0 2 2
45 : 0 0 2 2
47 : 0 0 2 2
48 : 1 1 2 2
52 : 1 1 0 2
54 : 0 0 2 2
57 : 0 0 2 2
58 : 1 1 2 2
61 : 1 1 0 2
62 : 1 1 2 2
63 : 1 1 0 2
64 : 1 1 2 2
68 : 1 1 0 2
69 : 1 1 2 2
71 : 1 1 0 2
72 : 1 1 2 2
83 : 1 1 0 2
84 : 1 1 2 2
86 : 0 0 0 2
87 : 0 0 2 2
90 : 1 1 2 2
91 : 0 0 2 2
93 : 1 1 2 2
94 : 0 0 2 2
96 : 1 1 2 2
97 : 0 0 2 2
102 : 1 1 2 2
115 : 0 0 2 2
117 : 1 1 2 2
127 : 1 1 0 2
128 : 1 1 2 2
129 : 1 1 0 2
130 : 0 0 2 2
137 : 0 0 0 2
138 : 0 0 2 2
150 : 0 0 0 2
161 : 0 0 2 2
162 : 1 1 2 2
179 : 1 1 0 2
180 : 0 0 2 2
185 : 0 0 0 2
186 : 0 0 2 2
192 : 0 0 0 2
199 : 1 1 0 2
201 : 0 0 0 2
207 : 0 0 0 2




// SIZE : 총 길이

// 사용방법 [      시간 : 코러스 코러스2 가수 백댄서       ]

// 인자 : (  [0] : IDLE [1] : PLAY, [2] : IDLE2  )   [!] IDLE2는 백댄서 전용

// 적용이 안될때는 사이즈 확인하기