SIZE : 36

0 : 0 0 0 1
2 : 1 1 0 1
9 : 1 1 1 1
13 : 1 1 1 1
15 : 1 1 0 1
16 : 0 0 1 1
17 : 1 1 1 1
23 : 1 1 1 1
24 : 1 1 1 1
30 : 0 0 1 1
39 : 1 1 1 1
40 : 1 1 1 1
47 : 1 1 1 1
48 : 0 0 1 1
51 : 1 1 1 1
52 : 0 0 1 1
57 : 1 1 1 1
72 : 1 1 0 1
73 : 0 0 0 1
74 : 1 1 0 1
86 : 0 0 0 1
87 : 0 0 1 1
90 : 1 1 1 1
94 : 1 1 1 1 
100: 1 1 1 1 
103 : 1 1 1 1
107 : 1 1 1 1
114 : 1 1 1 1
129 : 0 0 0 1
130 : 0 0 1 1
131 : 1 1 1 1
143 : 0 0 1 1
145 : 1 1 1 1
159 : 0 0 1 1
161 : 0 0 1 0
162 : 0 0 1 0

// SIZE : 총 길이

// 사용방법 [      시간 : 코러스 코러스2 가수 백댄서       ]

// 인자 : (  [0] : IDLE [1] : PLAY, [2] : IDLE2  )   [!] IDLE2는 백댄서 전용

// 적용이 안될때는 사이즈 확인하기